lam/L,U,heading,F1mean,F2mean,Mzmean,eta1,eta2,eta3,eta4,eta5,eta6
# convention: MMG body axes (x forward, y starboard, z down, midship); heading = encounter angle mu = (waveDirection + 180 - psi) mod 360 [deg], 0 head sea, 90 waves from starboard; F1mean = X > 0 forward, F2mean = Y > 0 starboard, Mzmean = N > 0 bow to starboard; U, V surge and sway at midship (V > 0 starboard)
0.7,0.33,0,-1.23525,-0.00413017,0.00650286,0.093892,0.000285571,0.158294,0.000457095,0.0633742,0.000264552
0.7,0.33,10,-1.12221,-0.752851,-0.153519,0.0958296,0.0183767,0.154529,0.0439958,0.0796067,0.0130282
0.7,0.33,20,-1.18848,-1.59377,-0.377227,0.0910287,0.0320346,0.124349,0.0750349,0.121763,0.0320453
0.7,0.33,30,-1.32423,-2.54069,-0.650168,0.0762638,0.0284953,0.155813,0.0992032,0.18373,0.0609413
0.7,0.33,40,-1.68648,-3.54998,-0.872051,0.0617241,0.0229808,0.281009,0.108707,0.252166,0.100177
0.7,0.33,50,-2.14591,-4.50111,-0.611186,0.0759875,0.0954364,0.490304,0.0870095,0.299246,0.141314
0.7,0.33,60,-2.14521,-5.40707,-0.121248,0.129518,0.231148,0.74818,0.0628649,0.290213,0.165442
0.7,0.33,70,-2.02942,-7.34096,0.230848,0.176348,0.3966,1.01333,0.113574,0.195898,0.153433
0.7,0.33,80,-1.49135,-10.2304,-0.321289,0.160394,0.543792,1.29823,0.173989,0.0980872,0.0917365
0.7,0.33,90,-0.568037,-11.238,-0.540301,0.0804111,0.604001,1.44173,0.21408,0.256752,0.0175684
0.7,0.33,100,0.406705,-7.3467,0.152298,0.0984155,0.555971,1.39569,0.238057,0.398727,0.105579
0.7,0.33,110,0.425512,-3.44227,0.694403,0.191014,0.42386,1.05922,0.21053,0.448786,0.169327
0.7,0.33,120,0.067855,-2.67894,0.400029,0.22148,0.247142,0.611016,0.2291,0.402258,0.183642
0.7,0.33,130,-0.047899,-3.25472,0.00741552,0.179511,0.106317,0.257685,0.322632,0.312734,0.161058
0.7,0.33,140,0.0508114,-3.03545,-0.0777047,0.108907,0.0416327,0.0988274,0.387377,0.216551,0.121697
0.7,0.33,150,0.174906,-2.05474,-0.069298,0.0308574,0.0547751,0.152559,0.385905,0.133184,0.0809093
0.7,0.33,160,0.108762,-1.07593,-0.0952011,0.0337934,0.0493871,0.191219,0.30255,0.0826052,0.0476793
0.7,0.33,170,-0.13385,-0.421762,-0.0852034,0.0727453,0.0287623,0.204899,0.179644,0.0595327,0.0216324
0.7,0.33,180,-0.252304,0.00518759,0.00372734,0.0868678,0.000124563,0.224577,0.000326507,0.055272,5.31677e-05
0.7,0.5,0,-1.06983,0.0377319,-0.0124255,0.0788609,0.000921066,0.111387,0.000261794,0.0451374,0.000566262
0.7,0.5,10,-1.0223,-0.730617,0.00325358,0.0802725,0.0160364,0.101077,0.0344258,0.0575475,0.0127978
0.7,0.5,20,-1.31813,-1.72337,-0.0995766,0.0795505,0.0260359,0.0610549,0.0571405,0.0966717,0.0319188
0.7,0.5,30,-1.50009,-2.69507,-0.241294,0.0756285,0.0232471,0.0798683,0.0769481,0.159892,0.0589488
0.7,0.5,40,-2.395,-3.98576,-0.449079,0.0650193,0.0184314,0.219395,0.0868286,0.241676,0.0967329
0.7,0.5,50,-2.90818,-5.41774,-0.281778,0.0625826,0.0922768,0.436029,0.0746012,0.311444,0.136603
0.7,0.5,60,-2.81487,-6.22943,0.0879483,0.105155,0.227292,0.678166,0.070128,0.316746,0.161801
0.7,0.5,70,-2.96832,-7.55059,0.595488,0.157682,0.396568,0.90713,0.115269,0.234522,0.150412
0.7,0.5,80,-2.51199,-10.7103,0.0806455,0.156411,0.544364,1.18816,0.165683,0.150367,0.0885759
0.7,0.5,90,-0.538606,-11.8783,-0.51906,0.0799528,0.610711,1.4372,0.208594,0.282658,0.0220991
0.7,0.5,100,0.327599,-6.21109,0.691697,0.111574,0.567367,1.41467,0.245909,0.396628,0.110666
0.7,0.5,110,0.488508,-2.2956,1.05191,0.211578,0.43527,0.992158,0.259245,0.401098,0.178426
